name,lat,lon,depth,mag
21664,40.821999,14.1165,-2000.0,1.0
21651,40.82,14.13333,-1200.0,1.0
4255,40.818668,14.13583,-1580.0,1.0
21600,40.82283,14.1455,-830.0,1.9
4247,40.826672,14.1455,-1720.0,1.8
4246,40.824669,14.14767,-2050.0,1.5
4245,40.825668,14.1465,-1520.0,1.1
4244,40.827171,14.144,-1730.0,1.0
4243,40.824169,14.14783,-1750.0,1.9
4242,40.826,14.14667,-2110.0,2.2
4232,40.826832,14.14833,-2250.0,2.0
20638,40.82333,14.14833,-1080.0,1.1
20636,40.82317,14.14683,-1150.0,1.0
4218,40.826328,14.1465,-2260.0,2.3
20631,40.823669,14.14867,-1710.0,1.1
4217,40.825001,14.15033,-1530.0,2.5
4216,40.82333,14.14717,-1320.0,1.1
4212,40.840672,14.13533,-1620.0,1.1
4211,40.821671,14.13417,-2270.0,1.5
4210,40.824169,14.13133,-2120.0,1.6
4201,40.827499,14.13717,-2170.0,2.1
4200,40.821499,14.137,-890.0,1.5
4199,40.821499,14.138,-1610.0,1.4
4198,40.820332,14.13783,-1230.0,1.1
4197,40.820332,14.1395,-1570.0,1.5
19104,40.821331,14.13983,-1670.0,1.1
4196,40.827999,14.153,-1860.0,1.7
4185,40.820499,14.132,-1640.0,1.1
19033,40.820332,14.13317,-1430.0,1.2
7511,40.823669,14.13,-1180.0,1.3
7453,40.838329,14.14017,-1040.0,1.3
7339,40.821671,14.136,-790.0,1.2
7293,40.836498,14.136,-1920.0,1.3
7289,40.838001,14.1355,-1770.0,1.4
10498,40.827499,14.145,-1240.0,1.0
10496,40.831829,14.14367,-1520.0,1.2
10340,40.827,14.14917,-1580.0,1.0
10338,40.827999,14.14783,-2120.0,1.1
149,40.83083,14.147,-2180.0,1.4
10335,40.825829,14.15167,-1740.0,1.3
151,40.83083,14.14867,-2370.0,1.4
10332,40.82917,14.14583,-1740.0,1.0
152,40.832668,14.14483,-2420.0,1.8
153,40.831333,14.146333,-2570.0,2.4
155,40.828331,14.15833,-1290.0,1.2
156,40.828999,14.14283,-2000.0,1.3
157,40.831329,14.14883,-2140.0,1.4
160,40.826832,14.14283,-810.0,1.0
214,40.827332,14.14,-920.0,1.7
10215,40.83017,14.128,-1730.0,1.0
236,40.82983,14.1295,-1820.0,1.2
309,40.835331,14.1115,-1710.0,1.1
381,40.82333,14.14167,-720.0,1.5
382,40.823002,14.1395,-570.0,1.1
414,40.82317,14.13617,-730.0,1.1
656,40.80933,14.14383,-2880.0,1.6
677,40.827499,14.148,-2320.0,2.5
678,40.828999,14.14583,-2270.0,1.4
684,40.824001,14.13667,-1110.0,1.4
698,40.825829,14.14933,-1660.0,1.1
9825,40.827671,14.13433,-2680.0,1.3
707,40.827499,14.13333,-2310.0,1.7
716,40.824001,14.129,-1410.0,1.2
719,40.82283,14.13383,-1700.0,1.4
720,40.826,14.13167,-2140.0,1.4
729,40.835171,14.1415,-1300.0,1.1
730,40.837002,14.135,-1770.0,2.0
796,40.827499,14.147,-2270.0,1.4
1004,40.846,14.1835,-2560.0,2.0
1114,40.820839,14.13067,-1650.0,1.0
1159,40.828671,14.1485,-2130.0,2.5
1160,40.827499,14.14933,-2150.0,1.1
1162,40.825161,14.1465,-1560.0,1.0
1187,40.827499,14.14283,-980.0,1.1
1344,40.827171,14.1435,-1180.0,1.8
1366,40.824669,14.1375,-1470.0,1.1
1375,40.834171,14.145,-570.0,1.1
1390,40.8265,14.13867,-1220.0,1.0
1394,40.834839,14.13533,-1520.0,1.2
1637,40.820999,14.13767,-1370.0,1.2
1639,40.82283,14.1365,-1220.0,1.0
1715,40.826672,14.133,-1580.0,1.2
1836,40.825001,14.1435,-1790.0,1.7
1838,40.820332,14.13583,-910.0,1.0
1874,40.83083,14.14867,-1360.0,1.0
1900,40.827499,14.13933,-1560.0,1.1
2005,40.810501,14.09583,-4350.0,1.5
2086,40.828171,14.1475,-1910.0,2.5
2354,40.827171,14.12483,-790.0,1.3
2355,40.828999,14.12167,-710.0,1.4
2361,40.8255,14.12417,-820.0,1.0
2356,40.830502,14.124,-1650.0,1.7
2358,40.824329,14.12417,-600.0,1.1
2424,40.824169,14.153,-2150.0,1.1
2464,40.825329,14.11817,-930.0,1.0
2482,40.826672,14.14217,-830.0,1.4
2483,40.824829,14.142,-760.0,1.0
2489,40.825001,14.13217,-1330.0,1.0
2491,40.82383,14.1335,-1390.0,1.3
2492,40.824501,14.133,-1400.0,1.0
2507,40.83083,14.14283,-1890.0,1.2
2508,40.83017,14.14933,-2330.0,3.1
2509,40.83033,14.14317,-2140.0,1.3
2512,40.830502,14.14167,-1640.0,1.2
2576,40.826672,14.14517,-1440.0,1.3
2838,40.828499,14.14667,-2600.0,1.1
2897,40.825668,14.133,-1620.0,1.0
2905,40.825001,14.1425,-940.0,1.2
2943,40.826672,14.143,-2250.0,2.7
2950,40.89967,14.13483,-3650.0,1.4
2983,40.820332,14.13333,-940.0,1.1
2998,40.828999,14.14533,-1890.0,1.0
3015,40.831501,14.14883,-2630.0,2.2
3016,40.828999,14.149,-2310.0,1.6
3020,40.829498,14.14817,-2560.0,2.7
3022,40.82917,14.15,-2570.0,3.3
3024,40.831329,14.14583,-2490.0,1.0
3025,40.828671,14.14583,-2730.0,1.3
3031,40.827999,14.14583,-2390.0,1.5
3551,40.827,14.14267,-1310.0,1.0
3708,40.817829,14.12283,-1080.0,1.1
3741,40.823502,14.13467,-990.0,1.1
3742,40.827839,14.13367,-1660.0,1.2
3758,40.826672,14.1365,-1030.0,1.2
3831,40.82283,14.12317,-1790.0,1.1
3878,40.808998,14.11433,-4460.0,1.5
4041,40.82283,14.117,-1770.0,1.1
4050,40.82283,14.13,-2320.0,1.0
4107,40.827,14.1375,-1290.0,1.0
4151,40.832829,14.14933,-1430.0,1.0
4203,40.824669,14.1395,-1700.0,1.9
4214,40.820499,14.1195,-870.0,1.1
4215,40.820171,14.12167,-1510.0,1.0
4325,40.823502,14.136,-1150.0,1.0
4335,40.824669,14.13483,-1860.0,1.0
4350,40.831329,14.14183,-2260.0,2.7
4395,40.831329,14.14483,-1680.0,2.7
4354,40.823502,14.14,-1880.0,2.4
4357,40.823502,14.137,-1530.0,1.5
4397,40.827671,14.14017,-1010.0,1.6
4411,40.8265,14.14017,-1200.0,1.4
4414,40.825001,14.1405,-980.0,1.1
4416,40.80983,14.115,-2270.0,1.3
4417,40.831329,14.14583,-2310.0,2.6
4439,40.827332,14.13367,-1640.0,1.0
4449,40.827671,14.1325,-1970.0,1.1
4451,40.825329,14.13067,-1580.0,1.6
4472,40.828671,14.135,-1080.0,1.2
4489,40.832329,14.1465,-1890.0,1.8
4496,40.831329,14.15167,-1590.0,1.5
4505,40.825161,14.12267,-1710.0,1.0
4510,40.826328,14.12283,-800.0,1.1
4550,40.823669,14.14783,-2410.0,1.0
4586,40.801998,14.118,-3470.0,2.0
4665,40.833172,14.116,-2320.0,1.5
4694,40.828171,14.14017,-1270.0,1.3
4801,40.828499,14.13833,-2250.0,1.5
4808,40.831829,14.14317,-1750.0,1.2
4879,40.799839,14.1115,-4030.0,1.3
4884,40.804501,14.11533,-3800.0,2.2
4924,40.828671,14.15017,-2250.0,1.9
4928,40.82983,14.12033,-2310.0,1.1
5042,40.8255,14.128,-2210.0,1.4
5045,40.820999,14.138,-910.0,1.0
5080,40.826328,14.14333,-2270.0,2.0
5216,40.82917,14.13017,-2670.0,1.0
5240,40.8255,14.14017,-2440.0,1.0
5269,40.841999,14.1375,-1440.0,1.2
5270,40.841999,14.13883,-1520.0,1.2
5286,40.840328,14.135,-1160.0,1.1
5274,40.841999,14.135,-1370.0,1.8
5275,40.84,14.13833,-1030.0,1.1
5278,40.838829,14.13733,-1550.0,1.7
5280,40.840333,14.133833,-1170.0,1.0
5284,40.84,14.13667,-1170.0,1.1
5326,40.80267,14.09683,-2810.0,1.3
5369,40.826328,14.1415,-2110.0,1.7
5425,40.82283,14.12033,-2530.0,1.1
5447,40.828671,14.15417,-1750.0,1.6
5473,40.830799,14.1367,-2140.0,1.21
5496,40.835701,14.1222,-2340.0,1.7
5571,40.800999,14.113,-3880.0,1.43
5584,40.807701,14.1145,-3420.0,2.17
5611,40.834,14.1248,-2750.0,1.08
5890,40.829498,14.1452,-1850.0,1.15
5962,40.820301,14.1402,-1900.0,1.48
5993,40.823502,14.1437,-1600.0,1.43
6031,40.827999,14.1342,-1140.0,1.08
6058,40.841801,14.1402,-1310.0,1.21
6059,40.840302,14.1408,-1540.0,1.27
6187,40.8125,14.1155,-3660.0,1.33
6188,40.808201,14.1158,-3630.0,1.27
6189,40.803001,14.1207,-2780.0,1.15
6239,40.832699,14.1368,-2510.0,1.71
6243,40.827801,14.1332,-2470.0,1.99
6365,40.827702,14.1413,-1170.0,1.71
6369,40.8092,14.1063,-3910.0,1.82
6378,40.824299,14.1348,-1720.0,1.08
6384,40.824001,14.1315,-1230.0,1.43
6389,40.825298,14.1322,-890.0,1.08
6390,40.833302,14.1137,-2510.0,1.33
6459,40.826302,14.136,-2000.0,1.15
15797,40.820301,14.1345,-1660.0,1.27
6494,40.828201,14.1437,-2210.0,2.47
6535,40.838799,14.1402,-1410.0,1.48
6536,40.840801,14.1402,-1330.0,1.58
6597,40.807201,14.1472,-2960.0,1.33
6601,40.845299,14.1372,-1910.0,1.01
6642,40.830799,14.1445,-1900.0,1.27
6708,40.831001,14.118,-2940.0,1.38
6710,40.831501,14.1455,-2100.0,1.43
6758,40.822498,14.1447,-1110.0,2.09
6785,40.825199,14.1463,-870.0,1.01
6806,40.835201,14.114,-1750.0,1.08
6831,40.811298,14.1145,-3210.0,1.01
6833,40.7967,14.1182,-3400.0,1.75
6834,40.807201,14.1123,-3260.0,2.23
6887,40.820301,14.1407,-1060.0,1.86
7011,40.828201,14.1457,-1780.0,1.15
7015,40.8335,14.1367,-1520.0,1.27
7042,40.827202,14.124,-1820.0,1.15
7102,40.8283,14.1352,-2540.0,3.47
7106,40.828201,14.138,-1860.0,1.21
7108,40.826199,14.1335,-1950.0,1.15
7118,40.822498,14.0862,-2830.0,1.08
14711,40.828201,14.1435,-1670.0,1.62
14725,40.8293,14.1507,-2490.0,3.57
14733,40.8298,14.1517,-2190.0,1.08
14735,40.828701,14.15,-1930.0,1.21
14748,40.833698,14.1178,-2910.0,1.08
14790,40.824299,14.1365,-1410.0,2.33
14793,40.824001,14.1375,-1270.0,1.58
14816,40.8237,14.1362,-1170.0,1.78
14823,40.833199,14.146,-1890.0,1.33
14826,40.819199,14.1455,-600.0,1.21
14827,40.820801,14.149,-500.0,1.27
14828,40.819698,14.149,-500.0,1.38
14834,40.821701,14.13,-2130.0,1.33
14869,40.833302,14.1203,-2370.0,1.78
14885,40.828201,14.1422,-2380.0,2.94
14970,40.831501,14.1402,-2470.0,1.27
14992,40.808701,14.1083,-3740.0,1.01
15005,40.826801,14.1325,-2120.0,1.21
15018,40.797699,14.1142,-2990.0,1.15
15019,40.807499,14.1123,-2640.0,1.01
15039,40.826,14.1438,-800.0,1.08
15173,40.838699,14.1408,-1220.0,1.15
15813,40.814301,14.0978,-3280.0,2.03
15838,40.823799,14.1338,-1190.0,1.01
15841,40.824001,14.134,-1270.0,1.08
15873,40.831799,14.1213,-2410.0,1.48
15949,40.826302,14.1287,-1810.0,1.21
15886,40.825699,14.14,-870.0,1.43
16035,40.8293,14.1343,-2260.0,1.38
16185,40.828701,14.1327,-2360.0,1.33
16351,40.827301,14.1402,-1800.0,2.51
16359,40.841999,14.1427,-1340.0,1.53
16361,40.842999,14.1428,-1330.0,1.08
16366,40.820301,14.1558,-2700.0,1.21
16416,40.824799,14.1448,-1800.0,1.01
16443,40.821499,14.1382,-1230.0,1.01
16509,40.824001,14.1373,-1660.0,1.08
16512,40.8223,14.1355,-880.0,1.01
16583,40.833,14.1447,-1680.0,1.27
16705,40.826801,14.1542,-1880.0,1.21
16748,40.8265,14.1408,-780.0,1.21
16760,40.828499,14.1402,-1210.0,1.15
16935,40.8255,14.1405,-860.0,1.43
17084,40.825199,14.1383,-840.0,1.01
17089,40.830502,14.1248,-1930.0,1.01
17111,40.833,14.1215,-2710.0,2.28
17124,40.810501,14.1077,-3630.0,1.89
17138,40.819,14.1168,-1340.0,1.15
17337,40.831501,14.1253,-2350.0,1.01
17149,40.832699,14.1247,-1710.0,1.38
17156,40.823299,14.1397,-1850.0,1.96
17166,40.801998,14.1155,-2890.0,1.58
17197,40.824799,14.1418,-940.0,1.66
17198,40.825699,14.1402,-870.0,1.08
17199,40.8283,14.1402,-2220.0,1.82
17205,40.826302,14.1402,-1590.0,1.01
17434,40.809799,14.1172,-1740.0,2.67
17436,40.832699,14.1597,-1690.0,1.58
17553,40.822201,14.132,-1280.0,1.21
17732,40.828999,14.149,-2380.0,2.53
17733,40.8283,14.1507,-2350.0,2.15
17736,40.830002,14.1562,-2310.0,1.96
17737,40.8297,14.1507,-1830.0,1.71
17747,40.830299,14.1442,-1810.0,1.38
17746,40.831299,14.1433,-1800.0,1.62
17756,40.828701,14.1227,-2080.0,1.78
17759,40.832699,14.1238,-2580.0,1.78
17762,40.8283,14.1423,-1290.0,1.01
17888,40.8335,14.1373,-2050.0,1.15
22553,40.824699,14.125,-1410.0,1.01
22628,40.823502,14.1355,-1870.0,1.21
22590,40.831799,14.1157,-1970.0,1.27
22677,40.801201,14.144,-2970.0,1.08
22699,40.834301,14.118,-2970.0,1.62
22720,40.818001,14.143,-330.0,2.03
22725,40.819698,14.1455,-370.0,2.12
22734,40.819698,14.1462,-340.0,2.26
22730,40.819,14.145,-430.0,2.67
22731,40.819302,14.1473,-290.0,2.45
22737,40.819801,14.1438,-440.0,1.21
22736,40.819698,14.1455,-350.0,1.01
22969,40.824501,14.1488,-900.0,1.38
22745,40.825199,14.149,-910.0,1.21
22785,40.828499,14.1402,-2600.0,1.38
22784,40.830299,14.144,-1880.0,1.08
22807,40.82,14.1457,-510.0,1.62
22900,40.825802,14.1388,-1920.0,1.99
23054,40.888302,14.1308,-2110.0,1.38
23056,40.889301,14.1207,-1650.0,2.38
23066,40.827999,14.1392,-2750.0,1.99
23104,40.827,14.1365,-1570.0,1.08
23113,40.831501,14.1358,-2320.0,1.89
23134,40.808498,14.1295,-2880.0,1.33
23194,40.827202,14.1338,-2540.0,2.59
23220,40.8172,14.1577,-2670.0,1.33
23259,40.824501,14.135,-2100.0,1.21
23318,40.803001,14.1125,-2510.0,1.01
23320,40.807301,14.1128,-2480.0,1.21
23325,40.8283,14.1415,-1420.0,1.01
23337,40.802502,14.1117,-4240.0,1.15
23338,40.8032,14.1108,-4460.0,2.97
23399,40.813499,14.1563,-2860.0,1.27
23400,40.819,14.157,-2850.0,1.96
23406,40.816002,14.1588,-2740.0,1.43
23410,40.816502,14.1552,-2740.0,1.27
23411,40.835499,14.1203,-1840.0,1.89
23417,40.8228,14.1168,-2540.0,1.01
23479,40.814999,14.0883,-3630.0,1.21
23481,40.814201,14.1033,-2960.0,1.01
23539,40.763,14.0498,-2840.0,1.43
23542,40.831501,14.1448,-1620.0,1.21
23675,40.8228,14.1247,-2360.0,1.48
23683,40.821201,14.1368,-940.0,1.21
23691,40.826,14.139,-870.0,1.01
23694,40.820301,14.1343,-1260.0,1.08
23695,40.820301,14.1338,-1240.0,1.01
23716,40.831799,14.1247,-2460.0,2.6
23717,40.833698,14.1203,-2420.0,1.66
23718,40.836498,14.1222,-2580.0,2.06
23736,40.8232,14.1352,-610.0,1.86
23751,40.825699,14.1338,-810.0,1.27
23759,40.806499,14.1408,-3500.0,1.78
23868,40.830299,14.1178,-2760.0,1.08
23869,40.831799,14.1155,-1960.0,1.82
23877,40.831501,14.1318,-2390.0,1.27
23891,40.830799,14.1455,-1550.0,1.01
23893,40.827702,14.1402,-2250.0,2.2
23904,40.8358,14.1402,-2770.0,2.83
23907,40.831501,14.1385,-1850.0,1.43
23917,40.826698,14.1145,-2520.0,1.01
23979,40.801701,14.1095,-4480.0,1.75
24003,40.833,14.1483,-1600.0,1.66
24005,40.831299,14.148,-1600.0,1.43
24020,40.830799,14.1177,-2270.0,1.43
24146,40.828701,14.1477,-2110.0,2.59
24154,40.828999,14.1413,-1000.0,1.15
24167,40.827301,14.142,-1080.0,1.58
24170,40.825802,14.1487,-910.0,1.33
24234,40.824501,14.1423,-950.0,1.01
24192,40.823502,14.1327,-1830.0,1.15
24193,40.823002,14.1313,-1630.0,1.08
24281,40.8283,14.1307,-2130.0,2.2
24291,40.84,14.1215,-1310.0,1.66
24293,40.8382,14.1227,-2180.0,1.43
24294,40.831501,14.1133,-1850.0,1.33
24295,40.826199,14.1407,-1070.0,1.43
24327,40.826302,14.1365,-2270.0,1.78
24326,40.827499,14.1347,-1970.0,1.27
24433,40.7798,14.0907,-2560.0,1.66
24479,40.835701,14.1417,-2580.0,2.92
24606,40.807499,14.1027,-4230.0,1.43
24612,40.835499,14.1387,-1430.0,1.01
24623,40.831299,14.1473,-1920.0,1.53
24628,40.818001,14.162,-2840.0,1.21
24641,40.813301,14.157,-2810.0,1.66
24642,40.814301,14.1542,-2860.0,1.53
24643,40.8148,14.1553,-2590.0,1.15
24645,40.814999,14.1563,-2750.0,2.63
24688,40.814499,14.1542,-2360.0,2.71
24647,40.807701,14.11,-4490.0,1.86
24648,40.817001,14.1562,-2740.0,1.43
24658,40.8302,14.1487,-1610.0,1.15
24788,40.805,14.1162,-4050.0,2.17
24791,40.803501,14.1082,-4860.0,1.96
24789,40.804199,14.115,-4530.0,2.2
24790,40.8097,14.1203,-3500.0,1.78
24803,40.799999,14.1052,-2990.0,1.01
24804,40.827,14.1427,-2150.0,1.01
24812,40.827499,14.1383,-2230.0,1.15
24813,40.8265,14.1402,-2410.0,1.21
24828,40.834499,14.1103,-3140.0,2.17
24839,40.827702,14.0863,-2900.0,1.78
24849,40.819801,14.1427,-400.0,1.33
24863,40.82,14.1463,-110.0,1.99
24873,40.822701,14.1423,-1070.0,1.01
24978,40.828201,14.1545,-2030.0,1.01
24979,40.8302,14.1517,-2400.0,2.31
24981,40.8297,14.1517,-2360.0,1.93
25004,40.814499,14.0942,-3480.0,1.21
25018,40.8363,14.134,-2520.0,1.01
25020,40.8335,14.1135,-2040.0,1.27
25116,40.806499,14.1432,-2790.0,1.08
25154,40.834702,14.1427,-2540.0,1.01
25156,40.807701,14.1015,-4550.0,1.71
25167,40.824001,14.132,-1160.0,1.58
25193,40.826199,14.1382,-830.0,1.21
25202,40.827702,14.1402,-2650.0,3.48
25204,40.828701,14.1412,-1940.0,1.15
25214,40.824799,14.1377,-2350.0,2.69
25228,40.8237,14.1365,-1630.0,1.43
25215,40.824001,14.1347,-1550.0,1.71
25216,40.823502,14.1352,-1810.0,1.48
25360,40.820999,14.1383,-790.0,1.27
25388,40.819302,14.0857,-3170.0,1.75
25491,40.826698,14.1378,-660.0,1.08
25495,40.8228,14.1283,-2640.0,1.66
25514,40.807201,14.1037,-2960.0,1.78
25593,40.824699,14.1277,-2470.0,1.96
25656,40.800201,14.1093,-2550.0,1.21
25669,40.825699,14.1135,-2620.0,1.71
25670,40.824299,14.1158,-2610.0,1.43
25684,40.840302,14.1202,-2940.0,1.82
25718,40.833302,14.1222,-2620.0,1.21
25721,40.828499,14.137,-2190.0,1.71
25723,40.827202,14.1328,-2000.0,1.38
25736,40.8312,14.1272,-2570.0,1.01
25763,40.832802,14.145,-2120.0,1.53
25913,40.827202,14.1423,-2210.0,2.47
25914,40.830502,14.14,-2270.0,1.78
25944,40.804001,14.1218,-3860.0,1.66
26045,40.827702,14.148,-1290.0,1.01
26081,40.827,14.141,-790.0,1.15
26131,40.829498,14.1573,-2680.0,1.62
26132,40.834301,14.1102,-2710.0,3.56
26134,40.8288,14.1133,-2110.0,1.43
26164,40.834,14.1237,-2280.0,1.33
26240,40.807301,14.1345,-3450.0,1.01
26250,40.834999,14.1252,-2650.0,1.99
26253,40.825699,14.1415,-1210.0,1.01
26262,40.834702,14.1282,-2600.0,1.08
26287,40.830799,14.1367,-2450.0,1.21
26292,40.8298,14.1368,-2090.0,1.01
26290,40.831501,14.1402,-2790.0,2.89
26356,40.8302,14.1498,-2260.0,1.27
26307,40.8083,14.1028,-2510.0,2.28
26326,40.818199,14.1583,-2780.0,2.33
26330,40.831501,14.1415,-2340.0,1.33
26396,40.840302,14.1312,-1100.0,1.15
26411,40.807499,14.1135,-3820.0,1.58
26421,40.7995,14.1132,-3340.0,1.33
26423,40.805,14.1145,-3540.0,1.38
26482,40.825699,14.1503,-1170.0,1.08
26501,40.827,14.1402,-1790.0,1.53
26504,40.829498,14.1462,-2600.0,1.21
26505,40.830002,14.1467,-2240.0,1.89
27647,40.828499,14.1402,-1870.0,1.86
27693,40.827301,14.1402,-1390.0,1.48
27739,40.828999,14.1492,-2130.0,1.33
27747,40.8255,14.1362,-2380.0,1.48
27753,40.827801,14.137,-1820.0,1.21
28399,40.827,14.1398,-720.0,1.15
28441,40.804298,14.113,-2910.0,1.01
28447,40.8022,14.1097,-2570.0,1.21
28455,40.831799,14.1338,-2900.0,1.21
28456,40.834499,14.1325,-2730.0,1.21
28493,40.805698,14.1005,-3940.0,1.93
28519,40.823799,14.1307,-1980.0,1.78
28548,40.831501,14.1402,-2720.0,1.01
28574,40.834999,14.1223,-2770.0,1.48
28587,40.825802,14.0938,-2370.0,1.86
28627,40.8102,14.1145,-2960.0,1.33
28632,40.805698,14.1087,-3820.0,1.86
28634,40.798302,14.1162,-2950.0,1.27
28635,40.821701,14.1387,-950.0,1.27
28640,40.821301,14.1388,-940.0,1.21
28656,40.8228,14.1383,-1680.0,1.08
28670,40.806,14.1497,-3690.0,2.09
28674,40.833698,14.1358,-2530.0,1.66
28679,40.837002,14.1037,-2770.0,2.47
28683,40.834499,14.0988,-2760.0,1.82
28703,40.8255,14.1393,-1020.0,1.08
28705,40.8232,14.136,-430.0,1.01
28720,40.823299,14.1503,-1890.0,1.08
28721,40.825298,14.1517,-2430.0,1.21
28722,40.831501,14.1312,-2610.0,1.08
28723,40.831501,14.1328,-2120.0,1.33
29212,40.825298,14.1403,-750.0,1.01
28731,40.824299,14.1407,-790.0,1.01
28738,40.8232,14.1155,-2540.0,1.62
28739,40.825298,14.114,-2610.0,1.15
28741,40.825199,14.1137,-2510.0,1.43
28746,40.825001,14.1203,-2490.0,1.01
28768,40.818001,14.145,-250.0,2.49
28773,40.834801,14.1428,-2390.0,1.15
28787,40.821499,14.1558,-680.0,2.17
28795,40.820301,14.1478,-230.0,1.58
28792,40.823799,14.1467,-1170.0,1.01
28788,40.818501,14.1463,-180.0,1.27
28794,40.82,14.147,-590.0,1.15
28789,40.817799,14.1428,-320.0,1.71
28790,40.818802,14.1505,-560.0,2.67
28805,40.8237,14.1467,-1720.0,2.33
28810,40.818699,14.1435,-290.0,1.08
28812,40.820301,14.1372,-520.0,1.62
28813,40.8237,14.149,-1420.0,1.33
29666,40.830002,14.1445,-1820.0,1.15
28929,40.825298,14.1517,-970.0,1.71
28936,40.825802,14.1482,-1420.0,1.21
28821,40.825199,14.1505,-1280.0,1.08
28827,40.8223,14.147,-1700.0,1.08
28835,40.8255,14.1488,-1690.0,1.21
28837,40.826801,14.148,-2550.0,3.2
28871,40.827702,14.1517,-2250.0,2.53
28842,40.823502,14.1442,-1180.0,1.48
28843,40.824001,14.147,-930.0,1.01
28848,40.831501,14.1375,-2630.0,3.64
28916,40.828499,14.1378,-1910.0,1.15
28918,40.829201,14.1388,-1490.0,1.01
28923,40.827301,14.1348,-1500.0,1.33
28850,40.8297,14.1387,-2370.0,3.12
28876,40.825298,14.1495,-1930.0,2.03
28878,40.826302,14.1468,-1270.0,1.43
28890,40.825802,14.1383,-920.0,1.58
28891,40.819698,14.1418,-290.0,1.48
28899,40.828701,14.1342,-2800.0,1.01
28951,40.827999,14.1385,-1830.0,1.08
28942,40.828999,14.1448,-1680.0,1.38
29004,40.8055,14.1037,-4260.0,2.09
29009,40.808701,14.1165,-4440.0,1.38
29010,40.807999,14.1425,-3760.0,1.99
29013,40.8335,14.1262,-1540.0,1.21
29031,40.834702,14.1152,-2430.0,2.12
29041,40.834999,14.1265,-2740.0,1.33
29048,40.8377,14.1235,-2650.0,2.43
29044,40.831501,14.1247,-2810.0,1.08
29051,40.834499,14.1235,-2720.0,1.01
29052,40.8372,14.1255,-3190.0,1.15
29056,40.834301,14.1247,-2810.0,1.33
29067,40.832699,14.1168,-2620.0,1.21
29098,40.8228,14.1283,-1390.0,1.08
29112,40.8335,14.1402,-2680.0,1.58
29116,40.826199,14.148,-1190.0,1.33
29117,40.823002,14.0878,-2800.0,1.21
29123,40.825001,14.1267,-2740.0,1.78
29130,40.802799,14.1318,-3690.0,1.15
29141,40.801998,14.1142,-2990.0,2.61
29142,40.799,14.11,-2710.0,1.21
29143,40.804501,14.1118,-3810.0,1.82
29144,40.799702,14.1135,-4370.0,1.01
29145,40.7985,14.1155,-2600.0,2.03
29150,40.814999,14.1187,-2240.0,1.33
29152,40.8242,14.1342,-1130.0,1.15
29153,40.823799,14.133,-1180.0,1.15
29176,40.831299,14.1517,-2690.0,1.53
29177,40.831299,14.1495,-2730.0,1.62
29178,40.830002,14.1475,-2630.0,1.33
29728,40.831299,14.1465,-2490.0,3.79
29827,40.8065,14.11,-3800.0,1.0
29830,40.828,14.139167,-2310.0,2.9
29833,40.803333,14.102333,-3810.0,1.3
29840,40.804333,14.104333,-3690.0,1.0
29875,40.833667,14.123667,-2700.0,1.5
29894,40.8315,14.130667,-2660.0,1.1
29985,40.828167,14.140167,-1700.0,1.2
30013,40.826667,14.1375,-740.0,1.1
30019,40.823333,14.145333,-2710.0,2.1
30034,40.824333,14.142167,-1560.0,1.0
30053,40.815833,14.158167,-2790.0,2.7
30108,40.822333,14.139833,-1910.0,1.1
30118,40.8225,14.082833,-2820.0,1.1
30120,40.834667,14.141667,-2240.0,1.0
30137,40.8315,14.143167,-2100.0,3.2
30139,40.829333,14.144167,-1690.0,1.0
30219,40.8245,14.121167,-2310.0,1.0
30222,40.824333,14.1155,-2590.0,1.0
30225,40.822833,14.120333,-2570.0,1.9
30226,40.822833,14.1185,-2590.0,1.0
30231,40.839167,14.140833,-1800.0,1.6
30236,40.835,14.1385,-2650.0,1.6
30239,40.8085,14.0985,-3060.0,1.8
30240,40.834,14.137,-2140.0,1.0
30245,40.824167,14.128333,-2550.0,2.1
30249,40.833333,14.127833,-1840.0,1.4
30261,40.824167,14.0885,-2610.0,1.5
30283,40.8245,14.130167,-2130.0,1.2
30285,40.8245,14.1305,-2080.0,1.2
30287,40.8315,14.126333,-1660.0,1.3
30292,40.824,14.097333,-1440.0,1.2
30304,40.821667,14.142333,-510.0,2.1
30310,40.814,14.153667,-2980.0,2.8
30312,40.8295,14.0875,-2760.0,1.7
30317,40.826333,14.140833,-820.0,1.1
30318,40.826833,14.142333,-740.0,1.4
30329,40.8315,14.1265,-2470.0,1.0
30354,40.834,14.123,-2630.0,1.8
30356,40.825333,14.1365,-1810.0,1.4
30361,40.826667,14.138333,-1490.0,1.3
30376,40.834667,14.119333,-2070.0,1.0
30387,40.825167,14.141,-860.0,1.3
30391,40.823833,14.134,-840.0,1.2
30396,40.828,14.136667,-2090.0,2.1
30404,40.825667,14.143833,-1810.0,1.5
30403,40.8245,14.14,-1650.0,1.7
30405,40.8245,14.1465,-1910.0,1.6
30401,40.824,14.134167,-960.0,1.6
30417,40.8075,14.106667,-3340.0,2.5
30420,40.8255,14.1345,-1020.0,1.2
30421,40.805833,14.108,-3690.0,3.3
30422,40.804667,14.109667,-3470.0,1.2
30428,40.802833,14.113833,-3600.0,1.3
30441,40.824167,14.132,-790.0,1.9
30445,40.8245,14.132667,-650.0,1.1
30448,40.820333,14.147167,-550.0,1.1
30449,40.819667,14.144833,-310.0,1.8
30452,40.8185,14.156,-2710.0,2.1
30456,40.818167,14.155333,-2790.0,1.4
30460,40.820333,14.156333,-2540.0,1.1
30461,40.818333,14.156333,-2530.0,1.0
30466,40.819167,14.159,-2830.0,4.2
30508,40.819,14.142333,-390.0,2.1
30510,40.818667,14.142333,-280.0,2.8
30610,40.823833,14.151667,-1340.0,1.2
30606,40.826,14.133833,-1140.0,1.6
30588,40.826333,14.135333,-1270.0,1.3
30590,40.824167,14.151667,-1480.0,1.2
30596,40.826667,14.140167,-1700.0,2.1
30636,40.82,14.127667,-1770.0,1.5
30682,40.827,14.133667,-2290.0,1.0
30688,40.825,14.144833,-930.0,1.0
30719,40.824333,14.131667,-1850.0,1.6
30720,40.825167,14.149,-1360.0,1.0
30728,40.821667,14.135667,-560.0,1.7
30733,40.8255,14.147667,-910.0,1.0
30743,40.823833,14.134,-660.0,1.9
30744,40.833833,14.125167,-2620.0,1.1
30764,40.824333,14.154667,-2170.0,1.2
30782,40.833667,14.133667,-2770.0,2.1
30785,40.8335,14.133333,-2360.0,1.0
30786,40.830667,14.116,-2570.0,1.3
30788,40.831833,14.116,-2780.0,1.0
30792,40.8265,14.139667,-2790.0,2.7
30807,40.811333,14.109167,-2990.0,2.3
30836,40.803,14.121833,-4020.0,2.1
30847,40.808833,14.1025,-3830.0,2.2
30852,40.8095,14.098833,-2980.0,1.1
30857,40.832833,14.135667,-2460.0,2.9
30858,40.830167,14.126667,-2190.0,1.0
30878,40.816,14.146833,-2890.0,1.0
30879,40.833167,14.135167,-2300.0,1.1
30897,40.832833,14.133833,-2800.0,1.8
30898,40.830667,14.15,-2630.0,4.0
30925,40.821,14.138,-900.0,1.1
30941,40.821667,14.138167,-940.0,1.0
30943,40.822167,14.139667,-1440.0,1.8
30945,40.820833,14.138167,-860.0,2.2
30999,40.821667,14.138167,-1850.0,1.8
31003,40.8295,14.134167,-2500.0,2.6
31191,40.834167,14.112833,-2930.0,1.3
31215,40.806,14.107667,-2940.0,1.3
31217,40.837333,14.142167,-1420.0,1.1
31219,40.835667,14.142333,-1450.0,1.0
31277,40.825167,14.087833,-2520.0,1.1
31329,40.824833,14.141167,-810.0,1.7
31374,40.827333,14.136667,-1760.0,1.4
31384,40.833167,14.124833,-2760.0,1.4
31390,40.8365,14.115333,-2520.0,1.9
31411,40.825,14.142167,-2070.0,3.6
31459,40.829167,14.136667,-2810.0,1.7
31471,40.8335,14.115833,-2810.0,1.3
31474,40.827,14.145,-2130.0,2.0
31478,40.827333,14.146,-2540.0,2.2
31477,40.826,14.136833,-2100.0,1.0
31480,40.824667,14.1435,-1080.0,1.0
31481,40.8265,14.146833,-2080.0,1.0
31483,40.826667,14.139833,-1850.0,1.1
31475,40.827167,14.142833,-2330.0,2.2
31547,40.811333,14.102167,-2820.0,1.1
31551,40.8075,14.129667,-3720.0,1.3
31583,40.831667,14.141333,-2030.0,1.0
31584,40.8015,14.12,-3640.0,1.2
31587,40.819667,14.156333,-2760.0,2.0
31591,40.821833,14.1565,-2500.0,1.0
31592,40.822333,14.158167,-2450.0,1.7
31619,40.825167,14.092,-2610.0,1.3
31623,40.831167,14.092,-2710.0,1.1
31624,40.832833,14.126833,-2500.0,1.2
31633,40.832333,14.133167,-2230.0,1.0
31636,40.828,14.134833,-2090.0,1.0
31646,40.8315,14.142833,-2740.0,1.4
31660,40.8095,14.147,-3170.0,1.0
31664,40.817,14.157667,-2530.0,1.7
31666,40.836667,14.1195,-2690.0,1.7
31670,40.8375,14.117167,-2810.0,1.3
31686,40.8315,14.140167,-2420.0,1.0
31718,40.828,14.1415,-1250.0,1.3
31723,40.833333,14.132,-2370.0,1.3
31728,40.8345,14.110333,-2980.0,1.0
31819,40.8275,14.138667,-2360.0,1.3
31820,40.828667,14.126333,-2250.0,1.1
31821,40.829333,14.138167,-2690.0,1.3
31823,40.8315,14.133333,-2810.0,3.0
31829,40.823333,14.135833,-1210.0,1.2
31831,40.822333,14.135,-1450.0,1.1
31832,40.822833,14.137,-1560.0,1.1
31838,40.823,14.1375,-1720.0,1.4
31857,40.829667,14.137,-2370.0,1.3
31861,40.825667,14.139333,-680.0,1.1
31936,40.834833,14.121833,-2290.0,1.4
31962,40.826167,14.141167,-840.0,1.4
32107,40.830333,14.146,-1440.0,1.1
32148,40.8305,14.132833,-2890.0,1.4
32156,40.828667,14.125167,-2340.0,1.0
32178,40.806333,14.106667,-2960.0,2.6
32212,40.844833,14.175,-2500.0,2.0
32240,40.824333,14.135833,-1820.0,1.4
32259,40.816833,14.159167,-2490.0,1.4
32262,40.816167,14.140833,-2540.0,1.0
32268,40.814,14.107167,-2570.0,1.9
32319,40.793333,14.117167,-2800.0,1.5
32405,40.804333,14.109833,-3010.0,1.3
32416,40.819667,14.121667,-920.0,1.1
32423,40.836833,14.1395,-2810.0,1.1
32444,40.834333,14.128667,-2510.0,2.1
32477,40.828667,14.1345,-2220.0,1.2
32482,40.8335,14.1375,-2660.0,2.0
32486,40.834,14.140167,-2650.0,1.1
32530,40.8085,14.117,-3060.0,2.0
32534,40.8355,14.131,-2520.0,1.1
32535,40.833667,14.135333,-2670.0,1.1
32613,40.831333,14.144333,-1810.0,1.7
32604,40.834333,14.149833,-2600.0,1.3
32686,40.832,14.127,-2840.0,1.9
32701,40.811333,14.0975,-2980.0,2.7
32704,40.838333,14.110667,-3190.0,3.0
32722,40.827,14.098,-2060.0,1.8
32725,40.829167,14.140167,-930.0,1.3
32765,40.803667,14.1455,-3220.0,1.3
32799,40.826833,14.146167,-1500.0,1.1
32814,40.8305,14.1265,-2080.0,1.9
32845,40.828167,14.086833,-2750.0,1.3
32855,40.826167,14.140167,-700.0,1.5
32902,40.821667,14.143333,-1810.0,1.4
32904,40.822667,14.143833,-1920.0,1.7
32915,40.816,14.152167,-2950.0,3.2
32924,40.819167,14.157,-2640.0,1.0
32946,40.828667,14.141833,-1240.0,1.0
32951,40.834667,14.1215,-2760.0,1.6
33009,40.825,14.137,-1510.0,1.0
33015,40.82,14.144333,-420.0,1.8
33016,40.82,14.145333,-390.0,1.6
33018,40.818833,14.144667,-490.0,1.7
33032,40.824667,14.130833,-2530.0,1.8
33036,40.825,14.1265,-2620.0,1.2
33037,40.825,14.131333,-2390.0,1.5
33060,40.819833,14.146167,-270.0,1.4
33081,40.8165,14.143667,-300.0,1.0
33082,40.819333,14.1455,-340.0,1.0
33086,40.819333,14.146833,-480.0,2.3
33094,40.8185,14.142,-360.0,2.2
33095,40.819,14.140667,-210.0,2.1
33098,40.8195,14.1405,-230.0,1.3
33134,40.827,14.088667,-2530.0,1.4
33149,40.818667,14.139667,-920.0,1.1
33164,40.834,14.131,-1680.0,1.0
33161,40.819667,14.144667,-360.0,1.6
33166,40.8195,14.15,-150.0,2.2
33167,40.8205,14.144667,-310.0,2.4
33211,40.825333,14.138333,-1560.0,1.4
33212,40.834833,14.1405,-2640.0,1.7
33252,40.805,14.113667,-3670.0,1.5
33302,40.828,14.150333,-2720.0,1.6
33305,40.827833,14.128667,-2470.0,1.4
33330,40.8345,14.112667,-2940.0,1.1
33341,40.828833,14.139333,-1280.0,1.0
33355,40.832833,14.149833,-3190.0,1.7
33369,40.829167,14.140167,-2000.0,1.7
33424,40.827333,14.142333,-1660.0,1.0
33426,40.833667,14.133333,-2570.0,1.6
33430,40.83,14.132333,-2460.0,1.1
33459,40.84,14.1195,-2210.0,1.1
33503,40.826,14.139167,-830.0,1.1
33522,40.825833,14.114,-2390.0,2.7
33532,40.822833,14.115333,-2410.0,1.4
33524,40.826333,14.115,-2590.0,1.5
33525,40.827167,14.1125,-2350.0,1.3
33526,40.825,14.114,-2630.0,1.2
33530,40.824667,14.1155,-2100.0,1.1
33528,40.8255,14.115,-2470.0,2.9
33541,40.825167,14.115833,-2310.0,3.2
33542,40.8245,14.119333,-2210.0,1.1
33556,40.825667,14.144833,-920.0,1.2
33617,40.833167,14.133833,-2530.0,1.4
33618,40.834,14.136833,-2770.0,2.2
33621,40.820333,14.131167,-700.0,1.2
33624,40.8315,14.140167,-2210.0,1.1
33632,40.803667,14.1145,-2960.0,2.5
33635,40.802833,14.113333,-3380.0,1.9
33634,40.806,14.107667,-3160.0,1.3
33637,40.803167,14.112333,-3840.0,1.9
33639,40.805167,14.116,-3720.0,1.1
33645,40.833667,14.123167,-2580.0,2.1
33651,40.831667,14.127333,-2880.0,1.2
33656,40.826167,14.144167,-1720.0,1.1
33673,40.830667,14.144333,-1560.0,1.0
33674,40.831333,14.1465,-1850.0,2.0
33687,40.828,14.15,-1380.0,2.3
33725,40.820833,14.1305,-1750.0,1.1
33735,40.834167,14.1355,-2690.0,1.2
33748,40.825667,14.138667,-560.0,1.7
33772,40.831333,14.1435,-2800.0,1.0
33786,40.832833,14.147167,-2780.0,2.8
33787,40.835833,14.140167,-2450.0,1.1
33809,40.834,14.143,-2650.0,1.0
33819,40.832833,14.121333,-2090.0,2.0
33824,40.831667,14.138667,-2030.0,1.7
33826,40.833167,14.137,-1920.0,1.3
33876,40.8345,14.092,-1860.0,2.2
33883,40.835,14.138333,-2100.0,1.1
33893,40.833667,14.135833,-2740.0,2.1
33932,40.832167,14.1315,-1740.0,1.2
33914,40.8315,14.135667,-1750.0,1.0
33936,40.816333,14.0815,-3670.0,1.3
33955,40.822333,14.131667,-900.0,1.1
33966,40.833667,14.133,-2700.0,1.6
33968,40.800833,14.113667,-3790.0,2.3
33969,40.8075,14.115667,-3200.0,1.6
33971,40.825833,14.148667,-1720.0,1.0
33998,40.827167,14.1435,-1680.0,1.7
34159,40.806333,14.120833,-2110.0,1.4
34018,40.799333,14.115,-4160.0,2.4
34020,40.8075,14.120333,-3400.0,1.3
34025,40.8295,14.127333,-2430.0,1.1
34026,40.818667,14.089833,-2870.0,1.5
34028,40.8225,14.0935,-1960.0,1.2
34032,40.830333,14.09,-2840.0,1.2
34036,40.829667,14.146,-2150.0,1.2
34046,40.826667,14.138667,-2260.0,1.5
34048,40.828167,14.137333,-2650.0,3.7
34078,40.828667,14.129167,-2610.0,2.0
34049,40.831833,14.142,-1830.0,2.0
34083,40.833167,14.144167,-2460.0,1.6
34050,40.830833,14.1365,-2480.0,3.1
34082,40.8315,14.135,-2870.0,1.5
34084,40.826167,14.136,-1440.0,1.4
34055,40.825167,14.131167,-2080.0,1.2
34118,40.828833,14.142,-2440.0,1.1
34085,40.824667,14.140167,-920.0,2.5
34065,40.829,14.138167,-2350.0,3.0
34067,40.829167,14.139333,-1610.0,2.1
34068,40.8285,14.137833,-1710.0,2.4
34070,40.825167,14.129833,-1850.0,1.3
34089,40.8275,14.138667,-1570.0,1.0
34094,40.824333,14.132,-1800.0,1.2
34095,40.8225,14.1365,-1910.0,1.1
34099,40.8235,14.132333,-1770.0,1.9
34124,40.825667,14.140167,-1010.0,1.0
34134,40.8265,14.1395,-1360.0,1.4
34155,40.823,14.133667,-540.0,2.0
34172,40.839,14.118,-2770.0,1.4
34184,40.821667,14.14,-590.0,1.3
34192,40.822333,14.133167,-2520.0,1.9
34198,40.831333,14.147333,-2940.0,2.3
34200,40.827167,14.140167,-2360.0,1.1
34204,40.83,14.144,-3020.0,1.5
34212,40.828667,14.151667,-2820.0,2.5
34215,40.821667,14.136833,-1800.0,1.3
34224,40.824833,14.085,-2900.0,2.3
34226,40.823167,14.096667,-1560.0,1.3
34227,40.822,14.086333,-2810.0,1.7
34240,40.832833,14.130833,-2640.0,1.3
34275,40.833167,14.133,-2610.0,1.2
34287,40.828833,14.137,-2100.0,1.9
34316,40.8345,14.125,-2860.0,1.6
34333,40.827833,14.134,-2190.0,1.2
34356,40.824,14.133333,-2380.0,1.6
34360,40.8245,14.136167,-2490.0,2.0
34367,40.826,14.132,-2540.0,1.1
34368,40.826,14.1325,-2710.0,1.1
34377,40.8345,14.13,-2870.0,1.1
34391,40.824,14.131167,-2190.0,2.1
34399,40.825667,14.131,-2150.0,1.2
34394,40.826667,14.129667,-1780.0,1.8
34400,40.824833,14.131333,-2470.0,1.4
34393,40.824667,14.1335,-2050.0,1.0
34395,40.825167,14.131667,-2060.0,1.2
34406,40.8315,14.1335,-2420.0,1.3
34410,40.833833,14.1345,-2780.0,1.3
34408,40.833333,14.133,-2420.0,1.1
34411,40.824167,14.129333,-1170.0,1.3
34420,40.825833,14.128167,-2370.0,1.0
34427,40.8,14.124833,-4240.0,1.6
34429,40.833167,14.135667,-2860.0,1.2
34430,40.836167,14.130833,-2800.0,1.6
34454,40.835833,14.125167,-2650.0,1.9
34470,40.8275,14.121667,-2210.0,1.6
34473,40.826,14.121833,-1900.0,1.3
34471,40.828167,14.124833,-1800.0,1.2
34474,40.8265,14.1165,-2350.0,1.5
34477,40.829333,14.124,-1580.0,1.1
34478,40.820333,14.1565,-2780.0,1.1
34494,40.828167,14.113,-570.0,1.6
34495,40.835167,14.120167,-1700.0,1.0
34503,40.8075,14.104167,-2630.0,2.2
34534,40.810667,14.1555,-2470.0,1.0
34538,40.828333,14.138167,-2330.0,1.3
34542,40.798667,14.138833,-2860.0,1.4
34546,40.829167,14.1415,-2430.0,1.4
34547,40.827,14.134833,-2130.0,1.2
34557,40.8255,14.136333,-1770.0,1.4
34561,40.826833,14.141333,-2470.0,1.2
34563,40.832667,14.1285,-2950.0,1.1
34566,40.822667,14.135167,-2630.0,1.4
34587,40.833167,14.145,-2250.0,1.0
34591,40.832833,14.147833,-2530.0,2.6
34592,40.832833,14.143,-2210.0,1.2
34636,40.806333,14.145667,-3370.0,1.8
34644,40.812167,14.101833,-2850.0,1.3
34652,40.829333,14.148,-1310.0,1.0
34662,40.8085,14.094,-2780.0,3.9
34666,40.818,14.141833,-2790.0,2.0
34673,40.806667,14.141333,-1520.0,1.2
34683,40.824667,14.150667,-1160.0,1.1
34693,40.816,14.138167,-2460.0,1.0
34697,40.836167,14.130167,-1840.0,1.0
34712,40.825333,14.143667,-780.0,1.2
34713,40.824,14.149667,-1240.0,1.7
34716,40.826833,14.138333,-800.0,1.1
34729,40.825167,14.146833,-1120.0,1.0
34743,40.825,14.149,-1200.0,1.1
34764,40.837,14.121833,-2540.0,1.7
34779,40.811833,14.109167,-2850.0,1.1
34790,40.8205,14.089,-2760.0,1.1
34805,40.8355,14.115,-2930.0,2.1
34806,40.822833,14.123833,-2980.0,1.1
34839,40.821667,14.138,-880.0,2.2
34845,40.821667,14.137333,-760.0,1.6
34855,40.830667,14.133667,-2530.0,1.1
34856,40.832333,14.134833,-2740.0,1.9
34858,40.833167,14.130667,-2250.0,1.1
34860,40.836,14.120333,-2650.0,1.1
34868,40.831,14.1305,-2880.0,1.4
34899,40.832667,14.113,-2560.0,1.8
34900,40.831,14.112833,-2100.0,1.1
34902,40.832833,14.1295,-2340.0,1.1
34905,40.832333,14.131333,-2600.0,1.5
34930,40.823167,14.135,-2650.0,1.7
34937,40.8035,14.1075,-3490.0,2.4
34938,40.822167,14.1375,-2440.0,1.1
34939,40.808833,14.113167,-3190.0,1.3
34942,40.832833,14.135333,-1910.0,1.2
34960,40.819167,14.155667,-2820.0,1.0
34982,40.834833,14.134,-2930.0,1.9
35002,40.826167,14.133833,-2120.0,1.0
35012,40.802833,14.110333,-2980.0,1.7
35029,40.8325,14.136833,-2280.0,1.2
35033,40.83,14.092,-2250.0,1.3
35065,40.819,14.144167,-190.0,1.4
35084,40.820333,14.143,-280.0,1.6
35099,40.813167,14.100333,-2600.0,1.3
35104,40.823333,14.141833,-920.0,1.0
35119,40.823,14.138333,-870.0,1.1
35134,40.818833,14.149,-440.0,2.3
35141,40.824333,14.142833,-1440.0,1.5
35156,40.826,14.145,-1760.0,3.2
35164,40.825833,14.152333,-2450.0,1.4
35184,40.826333,14.148333,-1400.0,1.0
35209,40.827,14.144167,-1350.0,2.9
35212,40.8235,14.142,-910.0,2.1
35224,40.826,14.15,-1850.0,1.9
36344,40.8235,14.152333,-1290.0,2.0
35226,40.825167,14.149,-2050.0,2.2
35233,40.8265,14.147,-1710.0,1.7
35258,40.822167,14.136667,-390.0,1.0
35274,40.827833,14.1415,-2000.0,2.8
35287,40.833167,14.1265,-3370.0,1.7
35293,40.8325,14.13,-2950.0,2.6
35335,40.837833,14.096,-2080.0,1.3
35362,40.829833,14.154667,-2760.0,1.5
35365,40.7985,14.117667,-3890.0,1.4
35372,40.8015,14.117167,-3620.0,1.5
35381,40.811333,14.1035,-2440.0,3.7
35387,40.811,14.1145,-2170.0,3.6
35382,40.807333,14.113333,-3850.0,1.2
35385,40.802833,14.115667,-3420.0,1.1
35392,40.811167,14.138167,-3350.0,1.0
35395,40.807167,14.1035,-3830.0,1.1
35416,40.822833,14.127,-1880.0,1.2
35424,40.8015,14.122,-4820.0,1.7
35427,40.8255,14.137333,-1830.0,1.2
35428,40.823167,14.134833,-1640.0,1.3
35434,40.8275,14.127167,-1860.0,1.5
35437,40.829,14.127833,-1790.0,1.0
35441,40.8075,14.107833,-2980.0,1.2
35445,40.825,14.144,-940.0,1.6
35454,40.824167,14.136667,-1430.0,1.4
35467,40.832333,14.092,-2210.0,2.9
35468,40.827667,14.097167,-2160.0,1.2
35469,40.830167,14.084,-2880.0,1.4
35487,40.833167,14.129333,-2690.0,1.3
35508,40.8315,14.140167,-1650.0,2.3
35513,40.829333,14.138667,-850.0,1.5
35515,40.797667,14.121833,-2880.0,1.1
35525,40.822667,14.081,-2830.0,1.1
35644,40.8325,14.140167,-2300.0,1.0
35646,40.836833,14.144667,-2610.0,1.3
35647,40.830667,14.140167,-2560.0,1.1
35649,40.825333,14.129333,-1710.0,1.0
35668,40.8295,14.1445,-2140.0,1.2
35712,40.831333,14.112333,-2270.0,1.2
35714,40.820333,14.158833,-2590.0,2.2
35716,40.835333,14.143333,-2800.0,2.8
35728,40.830167,14.137833,-2080.0,1.1
35750,40.8145,14.0975,-2440.0,1.1
35791,40.824667,14.133,-2280.0,2.4
35795,40.823667,14.130833,-1520.0,1.3
35792,40.8245,14.134,-2330.0,2.0
35793,40.824167,14.132333,-880.0,1.1
35794,40.8245,14.133,-1590.0,2.2
35800,40.824,14.131667,-900.0,1.3
35811,40.824833,14.151333,-2120.0,2.2
35835,40.828333,14.141333,-1220.0,1.2
35838,40.838667,14.128833,-2570.0,3.5
35841,40.833833,14.124167,-2760.0,1.1
35883,40.825833,14.134667,-2280.0,1.5
35846,40.827333,14.1375,-2570.0,4.4
35847,40.8335,14.142833,-1230.0,1.0
35857,40.826,14.144667,-1860.0,1.4
35881,40.827,14.147667,-1850.0,1.6
35918,40.824667,14.1405,-1120.0,1.0
35939,40.824833,14.130667,-2540.0,2.4
35955,40.829667,14.136167,-2800.0,3.9
35958,40.827667,14.144833,-2270.0,1.1
35960,40.830167,14.1485,-2400.0,1.2
35965,40.8245,14.127333,-2510.0,1.3
35969,40.822833,14.125667,-2210.0,3.1
36757,40.831333,14.145333,-2160.0,1.1
35979,40.823667,14.131,-2510.0,2.1
36006,40.8295,14.145333,-1900.0,1.3
35984,40.823833,14.13,-1690.0,1.0
35988,40.824,14.132667,-770.0,1.1
36007,40.821333,14.136333,-850.0,1.8
36046,40.821333,14.137333,-1430.0,1.3
36027,40.822833,14.118667,-2580.0,1.1
36050,40.823667,14.117833,-2260.0,1.0
36042,40.822667,14.124333,-2730.0,3.6
36051,40.819,14.121833,-1740.0,1.1
36052,40.820167,14.122,-1800.0,1.1
36066,40.822,14.120333,-2240.0,1.0
36068,40.822333,14.132167,-940.0,1.5
36069,40.821667,14.119333,-2160.0,1.1
36071,40.821167,14.136333,-860.0,1.2
36090,40.824333,14.130333,-2060.0,1.2
36102,40.823667,14.131667,-1500.0,2.0
36103,40.822833,14.120333,-2090.0,1.0
36125,40.818167,14.144333,-300.0,2.8
36135,40.818667,14.141,-150.0,1.2
36169,40.82,14.142,-160.0,1.2
36148,40.82,14.143,-490.0,1.7
36159,40.818833,14.1415,-290.0,1.1
36191,40.8345,14.111833,-3160.0,1.3
36190,40.819667,14.132833,-1210.0,1.0
36201,40.822833,14.134833,-1210.0,1.0
36202,40.836,14.110333,-3120.0,1.4
36206,40.830167,14.135333,-1300.0,1.2
36215,40.820333,14.132833,-1140.0,1.0
36228,40.827167,14.154167,-2210.0,1.3
36236,40.822833,14.128667,-1570.0,1.6
36277,40.824667,14.138333,-1400.0,1.0
36287,40.827333,14.1425,-2090.0,1.2
36279,40.829333,14.138833,-2330.0,1.6
36281,40.8275,14.1375,-2760.0,1.4
36299,40.808167,14.097833,-3740.0,1.1
36310,40.8085,14.107667,-2550.0,3.6
36361,40.838333,14.151167,-860.0,1.2
36432,40.83,14.083667,-2850.0,1.9
36433,40.829,14.0935,-2480.0,1.1
36478,40.826167,14.140167,-1490.0,1.3
36479,40.8295,14.140167,-2410.0,2.7
36501,40.825833,14.14,-2350.0,1.7
36503,40.827167,14.140167,-2480.0,1.1
36505,40.8275,14.140167,-2500.0,1.5
36508,40.827167,14.136167,-2420.0,1.6
36551,40.826333,14.151333,-1150.0,1.2
36570,40.811667,14.1555,-2940.0,1.7
36583,40.824333,14.149,-1530.0,1.1
36608,40.834833,14.147333,-1870.0,1.7
36621,40.8255,14.140167,-1220.0,1.0
36648,40.805833,14.105833,-3760.0,1.7
36674,40.831667,14.146,-1820.0,1.5
36696,40.837667,14.140833,-1570.0,1.2
36720,40.827667,14.141833,-1640.0,1.1
36742,40.815,14.090833,-2480.0,1.3
36789,40.829667,14.139333,-2740.0,1.2
36800,40.831333,14.147833,-2490.0,1.9
36814,40.828167,14.107833,-1520.0,1.2
36822,40.833167,14.1505,-2170.0,1.1
36833,40.831333,14.143667,-1410.0,1.0
36847,40.825,14.139333,-830.0,1.0
36869,40.827333,14.144167,-2320.0,1.2
36917,40.829833,14.144,-2440.0,3.5
36952,40.8295,14.144167,-2080.0,3.0
36927,40.830667,14.149,-2270.0,3.7
36955,40.828667,14.146667,-2360.0,2.7
36975,40.828833,14.151667,-2150.0,2.1
36932,40.825333,14.143667,-870.0,1.1
36939,40.830333,14.146,-2680.0,2.0
36954,40.8255,14.139,-840.0,1.3
36965,40.826667,14.142167,-1430.0,1.1
37036,40.826333,14.156833,-1770.0,1.1
37045,40.835,14.1275,-2950.0,1.1
37058,40.830667,14.120333,-2050.0,1.2
37060,40.799667,14.1255,-3730.0,1.3
37093,40.820333,14.154667,-1840.0,1.2
37109,40.828333,14.097667,-1760.0,1.0
37157,40.836,14.123,-2630.0,1.4
37166,40.815333,14.124,-2870.0,1.4
37167,40.831333,14.138833,-2570.0,1.0
37172,40.8265,14.141,-1800.0,1.1
37184,40.842,14.135,-1700.0,1.1
37185,40.841333,14.132333,-1020.0,1.3
37198,40.825167,14.144833,-830.0,1.4
37197,40.825333,14.148333,-830.0,1.5
37193,40.826333,14.144,-710.0,1.3
37201,40.825333,14.145667,-920.0,1.1
37208,40.834833,14.128,-2500.0,1.1
37223,40.807333,14.102833,-3120.0,1.3
37225,40.816333,14.107,-2610.0,1.9
37228,40.832,14.084333,-2720.0,3.4
37275,40.810667,14.113,-2880.0,1.3
37316,40.806667,14.123333,-3140.0,1.5
37318,40.807667,14.124167,-3650.0,1.0
37326,40.820333,14.135,-1550.0,1.0
37343,40.801333,14.1255,-3510.0,1.3
37360,40.8235,14.135833,-2350.0,1.3
37363,40.8295,14.135667,-2670.0,1.6
37364,40.827,14.139167,-2720.0,1.1
37365,40.826167,14.1355,-2290.0,1.5
37369,40.828167,14.136667,-2470.0,2.0
37384,40.806167,14.122667,-3750.0,1.1
37438,40.830667,14.143,-2160.0,1.7
37450,40.831333,14.099,-2410.0,1.2
37480,40.825167,14.140833,-610.0,1.4
37528,40.821333,14.126,-1380.0,1.0
37529,40.820667,14.126167,-1430.0,1.0
37531,40.804833,14.126,-3980.0,1.3
37534,40.809,14.107833,-2940.0,1.8
37539,40.815833,14.153,-2600.0,1.2
37553,40.815,14.1555,-2740.0,2.9
37554,40.813333,14.155667,-2890.0,2.7
37555,40.8135,14.158,-2850.0,2.8
37559,40.811667,14.154,-2930.0,2.5
37579,40.825,14.140167,-830.0,1.2
37583,40.813333,14.152167,-2240.0,1.3
37597,40.8175,14.156333,-1860.0,1.0
37591,40.820333,14.153167,-2570.0,3.2
37601,40.811667,14.153,-1850.0,1.2
37628,40.814667,14.1545,-2380.0,1.0
37633,40.825833,14.120333,-2080.0,1.1
37702,40.803333,14.118667,-3880.0,2.1
37714,40.839167,14.124833,-2570.0,1.2
37732,40.821333,14.143,-1770.0,2.0
37734,40.820333,14.144667,-1800.0,1.1
37742,40.821,14.140333,-1470.0,1.1
37761,40.825333,14.138333,-710.0,1.0
37762,40.824833,14.138167,-800.0,1.1
37786,40.835833,14.130167,-2120.0,1.0
37802,40.836833,14.132833,-2280.0,1.2
37808,40.809,14.120333,-3570.0,1.3
37827,40.835667,14.144833,-2770.0,2.6
37855,40.834333,14.145,-2050.0,1.0
37857,40.836667,14.148,-2450.0,1.8
37861,40.833333,14.142,-1860.0,1.9
37858,40.834,14.144167,-2170.0,1.1
37905,40.816333,14.089167,-3130.0,1.1
37908,40.842,14.139,-1590.0,1.3
37909,40.838667,14.134333,-1340.0,1.5
37980,40.831,14.150667,-2460.0,3.6
37985,40.832667,14.149667,-2460.0,1.7
37988,40.829333,14.148333,-2300.0,1.2
38018,40.825,14.142167,-1770.0,1.0
38026,40.829333,14.148667,-2110.0,1.7
38067,40.811667,14.1185,-2710.0,1.1
38127,40.838167,14.120167,-2100.0,1.3
38143,40.794667,14.111333,-3890.0,1.2
38167,40.830333,14.143,-2340.0,1.2
38243,40.805167,14.098833,-3640.0,1.0
38245,40.805667,14.098333,-4150.0,4.0
38248,40.7995,14.118833,-4000.0,1.7
38250,40.798833,14.114833,-4210.0,1.0
38251,40.8425,14.118667,-2660.0,2.1
38256,40.818167,14.089167,-3040.0,1.0
38273,40.8345,14.131167,-2580.0,1.0
38276,40.830167,14.145833,-1800.0,1.4
38288,40.825667,14.147333,-2170.0,1.1
38293,40.805667,14.1095,-3760.0,1.2
38295,40.806,14.098833,-4170.0,1.2
38313,40.823833,14.087333,-2920.0,1.0
38335,40.825667,14.1395,-810.0,1.1
38393,40.837333,14.123,-2740.0,1.2
38448,40.833667,14.1355,-2790.0,1.1
38492,40.803167,14.125833,-3730.0,1.2
38517,40.827,14.141167,-1510.0,1.1
38526,40.825667,14.139,-760.0,1.2
38527,40.824833,14.139667,-850.0,1.5
38550,40.832667,14.153667,-2150.0,1.1
38598,40.811333,14.087667,-1800.0,1.4
38627,40.8385,14.132,-1710.0,1.0
38628,40.838833,14.137167,-2500.0,1.1
38633,40.8385,14.1355,-2640.0,1.4
38636,40.835,14.130833,-2120.0,1.1
38637,40.832667,14.126333,-1520.0,1.0
38657,40.839667,14.1205,-2080.0,1.0
38660,40.838833,14.1295,-1900.0,1.1
38666,40.838667,14.130667,-1810.0,1.1
38677,40.825667,14.151667,-1430.0,1.5
38681,40.791,14.090667,-2210.0,1.0
38685,40.839667,14.134667,-2500.0,1.5
38688,40.819167,14.1405,-320.0,2.3
38691,40.820667,14.142,-250.0,1.3
38693,40.818333,14.1435,-360.0,1.1
38692,40.8195,14.144667,-270.0,1.0
38689,40.820667,14.1465,-280.0,1.6
38696,40.8195,14.144333,-240.0,1.0
38695,40.819333,14.1435,-390.0,1.0
38698,40.8185,14.143167,-210.0,2.0
38712,40.806333,14.129,-4030.0,1.1
38724,40.817833,14.144333,-210.0,2.6
38725,40.819667,14.1455,-550.0,1.1
38728,40.820333,14.140167,-380.0,1.0
38739,40.819833,14.144833,-290.0,1.5
38749,40.816,14.140333,-130.0,1.2
38754,40.818833,14.1425,-260.0,1.1
38747,40.8265,14.148,-1190.0,1.4
38821,40.820333,14.148667,-520.0,1.1
38768,40.8195,14.140333,-210.0,1.0
38757,40.838167,14.132833,-2550.0,1.1
38759,40.8185,14.138667,-270.0,2.1
38764,40.818333,14.1445,-700.0,1.2
38766,40.8185,14.140833,-400.0,2.8
38786,40.819833,14.138167,-280.0,1.4
38789,40.823167,14.135667,-240.0,1.1
38800,40.822833,14.135833,-380.0,1.8
38801,40.823667,14.151333,-840.0,1.0
38825,40.822,14.136167,-510.0,1.2
38831,40.8215,14.149333,-780.0,1.1
38844,40.822833,14.141667,-930.0,1.1
38859,40.824333,14.149,-1160.0,1.2
38879,40.827167,14.137667,-880.0,1.1
38892,40.825833,14.135333,-1480.0,2.0
38900,40.8275,14.144,-1880.0,1.0
38902,40.8255,14.133667,-1690.0,1.0
38963,40.8345,14.094833,-2160.0,1.1
38965,40.832167,14.0845,-2640.0,1.8
38966,40.8405,14.120333,-2330.0,1.2
38974,40.838333,14.129167,-2560.0,1.7
39107,40.826833,14.145167,-1910.0,1.3
39108,40.828167,14.1445,-2690.0,3.7
39111,40.830667,14.151667,-2340.0,2.0
39169,40.836333,14.113,-1960.0,1.0
39186,40.805333,14.124,-3690.0,1.1
39200,40.839167,14.111667,-2770.0,1.9
39211,40.8285,14.143167,-1120.0,1.5
39259,40.837667,14.124,-2460.0,1.2
39262,40.796167,14.118833,-3860.0,1.8
39270,40.802667,14.122,-4390.0,1.0
39324,40.8295,14.125333,-2220.0,1.3
39330,40.834167,14.129333,-2750.0,1.3
39390,40.8245,14.130167,-1540.0,1.1
39391,40.825,14.1295,-1510.0,1.6
39466,40.815,14.149,-1780.0,1.1
39480,40.836833,14.127667,-2670.0,2.4
39482,40.839333,14.131667,-2190.0,1.5
39483,40.835333,14.129667,-2300.0,1.1
39481,40.8375,14.129,-2270.0,1.0
39485,40.837,14.1295,-1770.0,1.2
39486,40.829667,14.141,-810.0,1.6
39505,40.836,14.122667,-2660.0,2.0
39569,40.840333,14.116,-2710.0,2.3
39580,40.808167,14.152167,-3040.0,2.5
39622,40.8355,14.145833,-2400.0,1.0
39626,40.836167,14.147333,-2390.0,2.6
39744,40.834167,14.129167,-1430.0,1.0
39754,40.816167,14.111833,-2760.0,1.4
39840,40.826667,14.138,-2500.0,1.9
39848,40.821333,14.157833,-2780.0,1.7
39861,40.833667,14.1295,-2600.0,1.1
39863,40.833833,14.128833,-2620.0,1.0
39865,40.814667,14.155667,-2300.0,1.0
39866,40.816667,14.158667,-2620.0,1.1
39868,40.815833,14.159333,-2380.0,1.3
39874,40.815,14.151833,-2290.0,1.3
39886,40.8315,14.1415,-1730.0,1.1
39967,40.8345,14.129,-2670.0,1.3
39977,40.840333,14.1285,-2600.0,1.4
39985,40.831833,14.138333,-2960.0,1.0
40000,40.834167,14.136,-2210.0,1.6
40002,40.846167,14.119333,-1720.0,1.0
40014,40.8235,14.151167,-2160.0,1.0
40012,40.824,14.150333,-2260.0,1.9
40045,40.823833,14.150667,-2450.0,1.7
40064,40.831833,14.090667,-1660.0,1.8
40068,40.822667,14.134833,-1170.0,1.0
40069,40.822667,14.134833,-940.0,1.0
40094,40.848,14.18,-2550.0,1.1
40116,40.826167,14.146,-1430.0,1.0
40185,40.814,14.143167,-2780.0,1.1
40236,40.825833,14.141333,-1510.0,1.4
40267,40.808167,14.114,-3490.0,1.5
40279,40.8375,14.126,-2030.0,1.0
40282,40.838167,14.1235,-2660.0,2.2
40290,40.837833,14.120333,-2130.0,1.5
40315,40.8235,14.141167,-2420.0,1.0
40318,40.821833,14.142,-2120.0,1.3
40430,40.819167,14.143833,-250.0,1.8
40437,40.819833,14.145167,-390.0,1.1
40438,40.8185,14.144667,-220.0,1.7
40446,40.821667,14.141,-550.0,1.0
40472,40.8255,14.135833,-1890.0,1.7
40479,40.822667,14.133833,-520.0,3.4
40480,40.823167,14.135667,-280.0,1.5
40486,40.823,14.134333,-450.0,1.5
40492,40.820833,14.142167,-290.0,2.2
40493,40.8205,14.1395,-180.0,1.6
40502,40.817667,14.142333,-170.0,2.3
40497,40.818333,14.1445,-250.0,2.6
40501,40.8195,14.1415,-190.0,1.0
40498,40.820333,14.1425,-190.0,1.7
40499,40.818,14.147667,-250.0,2.1
40506,40.824833,14.134,-730.0,1.0
40513,40.8235,14.149167,-1590.0,1.1
40608,40.837667,14.122,-2670.0,1.0
40657,40.827167,14.133333,-2220.0,1.2
40664,40.8295,14.1155,-2430.0,1.3
40679,40.8405,14.111333,-2200.0,1.2
40685,40.828333,14.142667,-1340.0,1.7
40686,40.828833,14.142333,-1330.0,1.0
40691,40.834667,14.127667,-2920.0,1.6
40694,40.834,14.124833,-1950.0,1.1
40704,40.8345,14.080667,-2910.0,1.2
40783,40.826333,14.092,-2380.0,1.8
40817,40.836,14.13,-2150.0,1.2
40804,40.813,14.143,-3050.0,2.0
40813,40.833167,14.136833,-2590.0,1.5
40890,40.8075,14.138,-3500.0,1.0
40891,40.8325,14.142667,-2760.0,1.5
40892,40.832,14.136,-1830.0,1.3
40897,40.827,14.135167,-1870.0,1.1
40922,40.821667,14.137167,-1320.0,1.7
40930,40.836333,14.086833,-2740.0,1.3
40950,40.83,14.134333,-1800.0,1.6
40951,40.828167,14.135,-1720.0,3.3
40952,40.826,14.136833,-1180.0,1.7
40966,40.818667,14.145167,-250.0,2.8
40968,40.819167,14.146667,-500.0,1.2
40967,40.819667,14.147167,-380.0,1.5
40979,40.833833,14.137833,-2480.0,1.3
40980,40.834833,14.135667,-1890.0,1.0
41000,40.800833,14.142667,-3770.0,1.6
41003,40.818333,14.155667,-2840.0,1.1
41004,40.803833,14.150833,-3090.0,1.4
41013,40.832833,14.1295,-2720.0,2.1
41014,40.833833,14.129,-2380.0,1.1
41027,40.824667,14.1425,-1640.0,1.5
41031,40.836833,14.123,-2660.0,1.4
41046,40.835333,14.123,-2310.0,1.9
41053,40.836833,14.113333,-2950.0,2.2
41054,40.835833,14.114,-3420.0,1.1
41059,40.8345,14.113167,-3140.0,1.2
41065,40.8335,14.0955,-2170.0,1.2
41127,40.828167,14.140167,-2640.0,1.0
41140,40.8305,14.126,-2320.0,1.2
41143,40.821167,14.135667,-1820.0,1.7
41184,40.831333,14.145667,-2620.0,1.0
41173,40.8355,14.149833,-2560.0,1.2
41175,40.832667,14.150333,-2630.0,2.2
41176,40.834833,14.146833,-2850.0,1.0
41182,40.8285,14.1275,-2300.0,1.1
41235,40.803833,14.109667,-2710.0,1.4
41249,40.833,14.094833,-2130.0,1.2
41282,40.8275,14.144,-2100.0,1.1
41285,40.828333,14.145833,-2120.0,1.0
41288,40.828333,14.1475,-2970.0,1.4
41290,40.829333,14.148667,-2940.0,1.4
41294,40.829667,14.145667,-2150.0,1.3
41295,40.8265,14.142333,-2060.0,1.2
41299,40.829833,14.148667,-2800.0,2.1
41300,40.830333,14.148667,-2520.0,2.6
41304,40.8275,14.144833,-2460.0,1.6
41325,40.831333,14.147833,-2520.0,1.4
41307,40.834,14.152333,-2140.0,1.8
41308,40.829,14.143333,-2750.0,1.9
41326,40.824833,14.144167,-1560.0,1.0
41315,40.827667,14.15,-2730.0,1.8
41316,40.8295,14.142333,-2290.0,1.7
41324,40.829333,14.151667,-2670.0,3.1
41330,40.827667,14.145833,-2890.0,1.1
41334,40.830833,14.1535,-2790.0,1.9
41340,40.827333,14.145167,-2090.0,1.0
41346,40.825833,14.146,-1680.0,1.0
41374,40.826167,14.151667,-1540.0,1.1
41376,40.8285,14.148833,-2580.0,2.7
41434,40.836667,14.116833,-2170.0,1.4
41454,40.836333,14.114667,-2580.0,1.5
41467,40.835167,14.1195,-2670.0,2.3
41474,40.826667,14.1345,-1170.0,1.6
41492,40.839333,14.129167,-2630.0,1.0
41497,40.83,14.141667,-1070.0,1.7
41508,40.824,14.137333,-940.0,1.9
41520,40.8325,14.124833,-1710.0,1.2
41527,40.8315,14.1295,-1330.0,1.8
41528,40.832333,14.129,-2160.0,1.0
41522,40.838833,14.132833,-2580.0,1.2
41529,40.835667,14.135167,-2930.0,1.6
41533,40.835167,14.129833,-2820.0,1.7
41559,40.8345,14.110833,-2470.0,1.3
41562,40.8335,14.134667,-2710.0,1.7
41586,40.8335,14.134167,-2840.0,2.4
41590,40.831333,14.149,-2100.0,2.5
41601,40.829167,14.142667,-1820.0,1.0
41611,40.836667,14.140167,-2510.0,1.2
41617,40.838,14.143167,-2520.0,1.6
41621,40.8315,14.145333,-2910.0,1.0
41622,40.830833,14.135833,-2590.0,1.4
41624,40.833667,14.134167,-2430.0,1.0
41626,40.824167,14.151667,-1610.0,1.3
41629,40.832833,14.1385,-2560.0,1.2
41648,40.832667,14.136667,-2360.0,1.8
41670,40.8345,14.119167,-2090.0,1.6
41690,40.830667,14.148833,-2050.0,2.5
41694,40.836333,14.122167,-2310.0,1.1
41721,40.828167,14.141,-540.0,2.3
41723,40.825333,14.143167,-1410.0,1.5
41725,40.8285,14.148667,-2380.0,2.0
41726,40.831333,14.146167,-2130.0,2.6
41730,40.8295,14.148167,-2390.0,1.6
41778,40.825,14.147667,-2250.0,1.0
41783,40.828167,14.151667,-1440.0,1.0
41786,40.8315,14.133167,-1490.0,1.4
41789,40.810667,14.154167,-2520.0,1.0
41790,40.814,14.157167,-2720.0,1.0
41796,40.811333,14.157,-2760.0,1.0
41797,40.812167,14.157,-3540.0,2.3
41799,40.81,14.159,-2920.0,1.2
41802,40.8105,14.155167,-3160.0,2.0
41810,40.805,14.1555,-2260.0,1.2
41823,40.828667,14.140167,-2680.0,2.4
41824,40.824667,14.1405,-1300.0,1.1
41829,40.8315,14.132,-2430.0,1.0
41835,40.829167,14.142,-2460.0,1.0
41840,40.8285,14.140167,-1790.0,1.2
41844,40.824,14.136333,-1440.0,1.0
41847,40.8315,14.143833,-2290.0,1.4
41862,40.831333,14.149333,-1680.0,1.1
41866,40.8255,14.136,-2500.0,1.6
41875,40.825833,14.116667,-2590.0,1.3
41879,40.826833,14.162833,-2550.0,2.1
41881,40.825,14.118333,-2480.0,1.2
41883,40.824333,14.133,-1400.0,1.0
41890,40.827167,14.113,-2540.0,1.1
41892,40.824833,14.134333,-2080.0,1.3
41893,40.824667,14.136167,-2220.0,2.2
41901,40.827,14.121,-2610.0,1.3
41935,40.824333,14.142167,-860.0,1.2
41961,40.821,14.094333,-2760.0,1.2
41957,40.818,14.086667,-3030.0,1.7
41960,40.8185,14.084333,-3400.0,1.3
41975,40.809667,14.105667,-2520.0,3.9
41988,40.828667,14.142333,-1510.0,1.3
41989,40.828,14.146333,-1640.0,1.4
41990,40.831333,14.148833,-2200.0,1.6
41999,40.827,14.140833,-1320.0,1.3
42002,40.832333,14.134667,-2640.0,1.4
42010,40.829167,14.137,-2660.0,2.3
42025,40.8325,14.1285,-1820.0,1.3
42014,40.8315,14.137333,-2570.0,1.2
42034,40.8305,14.140667,-2300.0,1.0
42021,40.832833,14.130833,-2520.0,2.7
42024,40.829167,14.1355,-2000.0,1.2
42065,40.821333,14.144167,-1320.0,1.3
42075,40.823333,14.138833,-1460.0,1.2
42080,40.8325,14.147667,-2450.0,3.0
42082,40.827167,14.141167,-2310.0,3.0
42106,40.828833,14.148333,-1590.0,3.9
42144,40.827167,14.149,-1720.0,2.5
42193,40.826667,14.1545,-1040.0,2.0
42199,40.8265,14.151667,-1620.0,1.6
42149,40.824,14.149,-1010.0,1.0
42151,40.826667,14.154833,-900.0,1.4
42122,40.825,14.149,-1400.0,1.0
42170,40.829,14.148667,-300.0,1.2
42129,40.828,14.149,-1770.0,1.1
42152,40.824167,14.144333,-1440.0,1.0
42179,40.830833,14.144667,-2390.0,2.3
42203,40.831333,14.145167,-1540.0,1.3
42205,40.8315,14.1365,-2410.0,1.7
42216,40.820167,14.1435,-900.0,1.2
42243,40.826667,14.148833,-1870.0,2.0
42276,40.824333,14.127833,-2580.0,1.6
42277,40.826333,14.1215,-2260.0,1.0
42297,40.818,14.143667,-260.0,2.4
42303,40.820333,14.137,-870.0,1.7
42304,40.821167,14.136833,-1170.0,1.2
42319,40.8065,14.107,-2610.0,1.3
42349,40.829667,14.144167,-2920.0,1.3
42351,40.834167,14.1385,-2490.0,1.0
42357,40.830167,14.142333,-2510.0,3.2
42365,40.828333,14.1305,-1560.0,1.2
42358,40.824333,14.138,-1770.0,2.8
42367,40.827667,14.148667,-2270.0,2.7
42362,40.8295,14.140167,-2280.0,1.3
42368,40.8385,14.1125,-2960.0,1.5
42371,40.8315,14.131667,-2780.0,1.2
42377,40.822167,14.137,-670.0,2.4
42380,40.818,14.143833,-840.0,1.5
42391,40.835833,14.111833,-2200.0,1.3
42420,40.831333,14.124333,-2820.0,2.3
42433,40.825833,14.125167,-2080.0,2.8
42422,40.83,14.124167,-2000.0,1.3
42426,40.837,14.107833,-3140.0,2.2
42431,40.832167,14.128833,-2550.0,1.4
42436,40.8305,14.1335,-2510.0,1.7
42438,40.834833,14.108333,-3320.0,1.3
42442,40.8315,14.133333,-2630.0,1.1
42443,40.8345,14.122833,-2000.0,1.6
42451,40.832333,14.1285,-2720.0,1.0
42457,40.829667,14.130333,-2020.0,1.3
42467,40.828333,14.107333,-2420.0,1.6
42469,40.833667,14.128,-2840.0,1.2
42474,40.832833,14.1285,-3120.0,1.2
42502,40.830833,14.1255,-3060.0,1.6
42503,40.833,14.1245,-2210.0,1.0
42521,40.824833,14.140833,-1880.0,1.2
42522,40.827833,14.1435,-2290.0,2.7
42523,40.826833,14.144667,-1850.0,1.3
42534,40.8285,14.148667,-1330.0,1.2
42530,40.829667,14.1475,-2640.0,2.6
42542,40.829667,14.146167,-1660.0,1.0
42555,40.826833,14.1415,-2160.0,1.6
42580,40.831333,14.148833,-1950.0,1.1
42568,40.830167,14.149167,-1860.0,1.1
42571,40.826333,14.141833,-1770.0,2.6
42583,40.825667,14.144167,-1680.0,1.0
42593,40.822,14.141333,-2060.0,1.0
42577,40.8295,14.148667,-2290.0,1.2
42595,40.826833,14.1465,-1590.0,1.7
42624,40.829167,14.1505,-2280.0,1.0
42629,40.828333,14.148667,-2450.0,1.5
42637,40.829167,14.142333,-1740.0,1.7
42650,40.827833,14.140833,-1710.0,1.5
42654,40.828,14.141167,-1760.0,1.0
42663,40.828667,14.143167,-1380.0,1.4
42666,40.829,14.144,-1760.0,1.0
42670,40.829833,14.144,-1410.0,1.0
42671,40.827,14.138833,-1090.0,1.6
42679,40.83,14.143,-1910.0,1.8
42682,40.828667,14.140167,-1860.0,2.6
42699,40.829333,14.145833,-1770.0,1.7
42688,40.83,14.147833,-1660.0,1.2
42722,40.829667,14.149,-1720.0,1.4
42723,40.829333,14.147167,-1790.0,1.4
42738,40.831333,14.148,-1620.0,1.1
42768,40.829167,14.146167,-1850.0,1.8
42769,40.825833,14.142167,-1300.0,1.3
42786,40.8275,14.142167,-1510.0,1.8
42792,40.826667,14.141333,-1270.0,1.3
42796,40.826833,14.141,-1390.0,1.7
42803,40.8265,14.1405,-1140.0,1.2
42810,40.827667,14.1405,-1640.0,1.0
42814,40.827,14.142,-1630.0,1.7
42815,40.828833,14.143,-1890.0,1.6
42820,40.8275,14.145667,-1830.0,2.4
42821,40.829,14.145167,-1370.0,1.0
42829,40.827667,14.142833,-2260.0,2.0
42848,40.826667,14.141667,-2070.0,1.2
42858,40.826167,14.142667,-1230.0,1.0
42854,40.827333,14.143333,-1980.0,1.8
42873,40.829167,14.145,-1770.0,1.4
42868,40.8275,14.1415,-1070.0,1.3
42874,40.822833,14.146333,-930.0,1.7
42883,40.828833,14.1415,-2320.0,3.1
42892,40.827333,14.142167,-1580.0,2.2
42876,40.828833,14.142167,-1740.0,1.0
42930,40.829667,14.147333,-2230.0,1.6
42965,40.831333,14.15,-2800.0,1.6
42992,40.829167,14.150333,-1510.0,1.1
43003,40.827833,14.1425,-1810.0,1.3
43008,40.827333,14.140333,-1960.0,1.6
43012,40.8245,14.143667,-1470.0,1.1
43015,40.827333,14.143,-1730.0,1.3
43018,40.828833,14.145167,-1640.0,1.0
43023,40.826,14.142667,-1350.0,1.1
43028,40.825,14.139333,-950.0,1.0
43035,40.828,14.146167,-2100.0,2.2
43041,40.824333,14.136167,-1970.0,1.1
43044,40.827,14.1445,-1100.0,1.0
43047,40.831333,14.146167,-620.0,1.1
43070,40.829167,14.147833,-870.0,1.0
43108,40.828833,14.146833,-1600.0,1.0
43126,40.826167,14.140167,-800.0,1.0
43159,40.827167,14.142333,-1170.0,1.2
43167,40.827833,14.141,-1170.0,1.6
43168,40.826667,14.142333,-1230.0,1.2
43177,40.8295,14.144,-1260.0,1.2
43180,40.8325,14.1485,-2070.0,3.1
43195,40.832667,14.147167,-1790.0,1.0
43189,40.831333,14.148167,-1050.0,1.0
43197,40.829,14.149,-1930.0,1.5
43199,40.842833,14.169,-1330.0,1.0
43232,40.828,14.146167,-2240.0,3.0
43255,40.831333,14.1535,-2310.0,1.7
43260,40.828167,14.139833,-1270.0,1.0
43264,40.829167,14.149167,-2110.0,1.1
43304,40.831333,14.151667,-2640.0,1.1
43316,40.818167,14.145,-2930.0,1.2
43341,40.828167,14.142,-2400.0,3.1
43346,40.8245,14.139,-1720.0,3.0
43349,40.825,14.139333,-2370.0,1.5
43375,40.830167,14.145667,-2390.0,2.3
43396,40.8285,14.145167,-2730.0,1.0
43412,40.828333,14.143833,-1410.0,1.0
43419,40.827,14.1425,-1860.0,1.0
43420,40.826833,14.141167,-1480.0,1.5
43422,40.8275,14.142167,-1700.0,1.2
43426,40.824333,14.1425,-1000.0,1.1
43435,40.826667,14.141333,-1190.0,1.2
43465,40.826333,14.140667,-1890.0,1.0
43466,40.826333,14.144,-1660.0,2.3
43481,40.828333,14.146667,-2320.0,2.1
43482,40.826667,14.146,-1680.0,1.9
43483,40.827,14.148667,-2000.0,1.3
43488,40.828667,14.144167,-1830.0,1.1
43484,40.8295,14.148333,-1920.0,2.1
43485,40.828667,14.145833,-2470.0,1.6
43490,40.8275,14.145333,-2190.0,1.3
43516,40.828167,14.143667,-1570.0,1.0
43537,40.826167,14.099167,-1910.0,1.0
43574,40.830833,14.092,-2590.0,1.1
43663,40.8315,14.133,-2910.0,1.2
43710,40.836833,14.127167,-3070.0,1.0
43744,40.838,14.1265,-2720.0,2.1
43746,40.839,14.130167,-2250.0,1.0
43790,40.818333,14.099,-1910.0,1.0
43792,40.824333,14.140333,-400.0,1.1
43793,40.8015,14.105,-2830.0,1.2
43802,40.809333,14.143,-3260.0,1.5
43856,40.828833,14.137333,-2320.0,1.0
43907,40.832,14.080667,-2680.0,1.8
43927,40.834667,14.115333,-1790.0,1.3
43932,40.834167,14.141167,-1900.0,1.3
43933,40.816,14.148333,-2840.0,1.2
43934,40.815333,14.144167,-2930.0,2.1
43940,40.823833,14.135,-810.0,3.2
43944,40.823833,14.134333,-170.0,1.9
43954,40.824167,14.139167,-670.0,1.0
43958,40.8345,14.084333,-2840.0,1.3
43966,40.836833,14.142333,-2240.0,1.0
43968,40.828667,14.1405,-2000.0,1.4
44007,40.803333,14.132333,-4600.0,1.0
44009,40.806333,14.117833,-4520.0,1.5
44010,40.809667,14.082,-5050.0,2.3
44012,40.808833,14.0925,-4080.0,1.1
44026,40.826667,14.119333,-1170.0,1.0
44028,40.874833,14.078,-1740.0,1.4
44035,40.842,14.130333,-2860.0,1.3
44039,40.820667,14.126833,-900.0,1.0
44041,40.824667,14.076333,-2980.0,1.1
44043,40.830333,14.083333,-3500.0,2.6
44044,40.824333,14.085,-2880.0,1.0
44045,40.829167,14.0865,-2660.0,1.2
44083,40.8285,14.097167,-1370.0,1.8
44084,40.820167,14.126167,-1040.0,1.0
44086,40.827,14.138167,-2390.0,3.0
44093,40.828667,14.142667,-2450.0,1.2
44096,40.828667,14.144,-1860.0,2.3
44098,40.8245,14.1425,-1390.0,1.2
44103,40.828167,14.1345,-1580.0,1.1
44101,40.825833,14.133167,-2380.0,1.6
44140,40.821,14.122167,-3010.0,1.0
44195,40.840167,14.137667,-1850.0,1.7
44196,40.840333,14.137333,-1270.0,1.0
44197,40.8405,14.135667,-1180.0,1.1
44205,40.842,14.139333,-1570.0,1.6
44245,40.822,14.128167,-980.0,1.0
44246,40.8175,14.149,-2500.0,4.4
44267,40.827167,14.142333,-260.0,1.1
44266,40.825333,14.154333,-2200.0,1.0
44256,40.815333,14.149,-2000.0,1.6
44265,40.808667,14.152667,-2400.0,1.1
44273,40.820333,14.149,-2440.0,1.2
44278,40.821333,14.155333,-2990.0,1.1
44294,40.817333,14.149667,-1270.0,1.7
